,date,cases,deaths
0,2020-01-21,1,0
1,2020-01-22,1,0
2,2020-01-23,1,0
3,2020-01-24,2,0
4,2020-01-25,3,0
5,2020-01-26,5,0
6,2020-01-27,5,0
7,2020-01-28,5,0
8,2020-01-29,5,0
9,2020-01-30,6,0
10,2020-01-31,7,0
11,2020-02-01,8,0
12,2020-02-02,11,0
13,2020-02-03,11,0
14,2020-02-04,11,0
15,2020-02-05,12,0
16,2020-02-06,12,0
17,2020-02-07,12,0
18,2020-02-08,12,0
19,2020-02-09,12,0
20,2020-02-10,13,0
21,2020-02-11,13,0
22,2020-02-12,14,0
23,2020-02-13,15,0
24,2020-02-14,15,0
25,2020-02-15,15,0
26,2020-02-16,15,0
27,2020-02-17,25,0
28,2020-02-18,25,0
29,2020-02-19,25,0
30,2020-02-20,27,0
31,2020-02-21,30,0
32,2020-02-22,30,0
33,2020-02-23,30,0
34,2020-02-24,43,0
35,2020-02-25,45,0
36,2020-02-26,60,0
37,2020-02-27,60,0
38,2020-02-28,65,0
39,2020-02-29,70,1
40,2020-03-01,88,3
41,2020-03-02,104,6
42,2020-03-03,125,10
43,2020-03-04,161,12
44,2020-03-05,228,12
45,2020-03-06,311,15
46,2020-03-07,428,19
47,2020-03-08,547,22
48,2020-03-09,748,26
49,2020-03-10,1018,31
50,2020-03-11,1263,37
51,2020-03-12,1668,43
52,2020-03-13,2224,50
53,2020-03-14,2898,60
54,2020-03-15,3600,68
55,2020-03-16,4507,91
56,2020-03-17,5905,116
57,2020-03-18,8345,157
58,2020-03-19,12384,203
59,2020-03-20,17999,264
60,2020-03-21,24511,343
61,2020-03-22,33050,435
62,2020-03-23,43476,550
63,2020-03-24,54139,746
64,2020-03-25,68739,999
65,2020-03-26,85578,1279
66,2020-03-27,102905,1651
67,2020-03-28,123802,2138
68,2020-03-29,142183,2413
69,2020-03-30,163602,2903
70,2020-03-31,187961,3631
71,2020-04-01,215013,4551
72,2020-04-02,244007,5502
73,2020-04-03,276201,7136
74,2020-04-04,310840,8503
75,2020-04-05,336405,9658
76,2020-04-06,369756,11708
77,2020-04-07,397746,12960
78,2020-04-08,429280,14783
79,2020-04-09,463689,16680
80,2020-04-10,496906,18714
81,2020-04-11,528414,20578
82,2020-04-12,555330,22057
83,2020-04-13,580900,23608
84,2020-04-14,607291,26081
85,2020-04-15,636879,28585
86,2020-04-16,668614,30791
87,2020-04-17,699863,32886
88,2020-04-18,728099,34726
89,2020-04-19,753319,36109
90,2020-04-20,780443,37795
91,2020-04-21,805773,40316
92,2020-04-22,833492,42498
93,2020-04-23,867276,44518
94,2020-04-24,904606,46503
95,2020-04-25,938758,48334
96,2020-04-26,965217,49464
97,2020-04-27,988149,50836
98,2020-04-28,1012767,53034
99,2020-04-29,1039168,55399
100,2020-04-30,1069561,57570
101,2020-05-01,1103545,59392
102,2020-05-02,1133143,61079
103,2020-05-03,1158656,62140
